39 78.00 87.00 999.00
37 78.00 87.00 999.00
57 111.00 111.00 111.00
42 0.00 0.00 100.66
22 22.00 22.00 22.00
60 12.00 12.00 12.00
41 5.13 5.84 9.10
34 9.00 9.00 9.00
28 9.00 9.00 9.00
33 9.00 9.00 9.00
24 8.00 8.00 8.00
38 8.00 8.00 8.00
18 8.00 8.00 8.00
2 6.50 6.50 6.50
30 6.00 6.00 6.00
10 5.50 5.50 5.50
4 5.50 5.50 5.50
5 6.50 5.50 5.50
6 4.50 5.50 5.50
7 5.50 5.50 5.50
8 5.50 5.50 5.50
9 5.50 5.50 5.50
49 12.00 12.00 5.00
35 5.00 5.00 5.00
39 5.00 5.00 5.00
50 10.00 10.00 4.00
32 6.00 5.00 4.00
19 4.00 4.00 4.00
17 3.00 3.00 3.00
52 23.00 3.00 3.00
56 23.00 2.00 3.00
31 3.00 3.00 3.00
58 213.00 3.00 3.00
23 3.00 3.00 3.00
1 5.50 5.50 2.50
11 2.00 2.00 2.00
55 12.00 1.00 2.00
12 2.00 2.00 2.00
47 32.00 2.00 2.00
13 2.00 2.00 2.00
14 2.00 2.00 2.00
3 5.50 5.50 1.50
27 1.00 1.00 1.00
47 23.00 2.00 1.00
15 1.00 1.00 1.00
36 1.00 1.00 1.00
51 12.00 1.00 1.00
29 1.00 1.00 1.00
54 12.00 2.00 1.00
20 1.00 1.00 1.00
21 1.00 1.00 1.00
25 11.00 1.00 1.00
57 12.00 1.00 1.00
26 1.00 1.00 1.00
45 12.00 2.00 1.00
36 0.00 0.00 0.00
40 0.00 0.00 0.00
16 0.00 0.00 0.00
0 0.00 0.00 0.00
36 0.00 0.00 0.00
